   1.2921918e+01   1.3598322e+01   1.4473307e+01   1.6174355e+01   1.6452193e+01   1.7633119e+01   1.9554311e+01
   1.3451585e+01   1.3488164e+01   1.4461419e+01   1.5922102e+01   1.6374705e+01   1.8043541e+01   1.9567119e+01
   1.3004531e+01   1.3733333e+01   1.4611123e+01   1.6075214e+01   1.6460778e+01   1.7787904e+01   1.9714490e+01
   1.3223943e+01   1.3693429e+01   1.4504815e+01   1.6041584e+01   1.6538828e+01   1.7780669e+01   1.9405421e+01
   1.3100131e+01   1.3798320e+01   1.4425374e+01   1.6164013e+01   1.6861137e+01   1.7763813e+01   1.9658868e+01
   1.3384092e+01   1.4091705e+01   1.4690746e+01   1.6250509e+01   1.6763960e+01   1.7963208e+01   1.9881615e+01
   1.3081443e+01   1.3860484e+01   1.4571764e+01   1.6381595e+01   1.6955043e+01   1.8004095e+01   1.9685103e+01
   1.3568748e+01   1.3866382e+01   1.4474046e+01   1.6105963e+01   1.6730932e+01   1.7903781e+01   2.0074790e+01
   1.3633062e+01   1.3888037e+01   1.5092978e+01   1.6429829e+01   1.6611441e+01   1.8110516e+01   1.9533653e+01
   1.3698334e+01   1.3778083e+01   1.4801981e+01   1.6299175e+01   1.6960285e+01   1.7941169e+01   1.9722855e+01
   1.3766298e+01   1.3875920e+01   1.5141483e+01   1.6313128e+01   1.6824838e+01   1.8299852e+01   1.9885344e+01
   1.3493605e+01   1.3789424e+01   1.5043469e+01   1.6315997e+01   1.7240436e+01   1.7963557e+01   1.9661634e+01
   1.3372381e+01   1.4010523e+01   1.4621664e+01   1.6281628e+01   1.7259041e+01   1.8354041e+01   2.0079042e+01
   1.3286076e+01   1.3921378e+01   1.5043798e+01   1.6786418e+01   1.6955606e+01   1.8498331e+01   2.0030296e+01
   1.3538816e+01   1.3967122e+01   1.5054686e+01   1.6807189e+01   1.6760351e+01   1.8191941e+01   2.0037847e+01
   1.3604573e+01   1.4035559e+01   1.5045267e+01   1.6748775e+01   1.7165649e+01   1.8375352e+01   2.0273519e+01
   1.3738513e+01   1.3896984e+01   1.5017554e+01   1.6700383e+01   1.7301784e+01   1.8454625e+01   2.0344812e+01
   1.3332808e+01   1.4152194e+01   1.4843211e+01   1.6418833e+01   1.7416439e+01   1.8225712e+01   2.0333051e+01
   1.3722480e+01   1.4293664e+01   1.5190468e+01   1.6532025e+01   1.6899549e+01   1.8515955e+01   2.0088203e+01
   1.3667448e+01   1.4045700e+01   1.4882627e+01   1.6458545e+01   1.7161609e+01   1.8630134e+01   2.0218729e+01
   1.3443175e+01   1.4443785e+01   1.5039409e+01   1.6397250e+01   1.7545757e+01   1.8352399e+01   2.0564244e+01
   1.3917413e+01   1.3964656e+01   1.5303790e+01   1.6529460e+01   1.7252231e+01   1.8747977e+01   2.0169520e+01
   1.3721521e+01   1.4168991e+01   1.5311701e+01   1.6831742e+01   1.7328742e+01   1.8729029e+01   1.9909621e+01
   1.3677245e+01   1.4138786e+01   1.5153948e+01   1.6958452e+01   1.7352987e+01   1.8682896e+01   2.0135619e+01
   1.3924725e+01   1.4303672e+01   1.4768983e+01   1.6831052e+01   1.7426514e+01   1.8664953e+01   2.0223515e+01
   1.4079265e+01   1.4227896e+01   1.5057066e+01   1.6748227e+01   1.7242077e+01   1.8714959e+01   2.0581862e+01
   1.3832434e+01   1.4253777e+01   1.5429388e+01   1.6586230e+01   1.7302982e+01   1.8845160e+01   2.0396522e+01
   1.3977150e+01   1.4019990e+01   1.5338496e+01   1.6612410e+01   1.6939751e+01   1.8241847e+01   1.9745640e+01
   1.3895196e+01   1.4316017e+01   1.5287258e+01   1.6983386e+01   1.6999692e+01   1.9042632e+01   2.0184857e+01
   1.3890608e+01   1.4212795e+01   1.5144770e+01   1.6969021e+01   1.7582005e+01   1.8322636e+01   2.0051067e+01
   1.3998016e+01   1.4253263e+01   1.5493171e+01   1.6984778e+01   1.7147060e+01   1.8899417e+01   2.0596677e+01
   1.3779936e+01   1.4556029e+01   1.5239384e+01   1.7005625e+01   1.7591892e+01   1.8929348e+01   2.0417497e+01
   1.3695906e+01   1.4557208e+01   1.5490395e+01   1.6867520e+01   1.7640351e+01   1.8431859e+01   2.0344725e+01
   1.4401168e+01   1.4995496e+01   1.5425843e+01   1.6976845e+01   1.7861574e+01   1.9107283e+01   2.0780171e+01
   1.5271277e+01   1.9727339e+01   1.6340574e+01   2.4223258e+01   1.7986916e+01   1.9821074e+01   2.1985695e+01
