   1.3503300e+01   1.3994256e+01   1.4823704e+01   1.6384456e+01   1.6883836e+01   1.8068132e+01   1.9647670e+01
   1.3546754e+01   1.4060595e+01   1.4875812e+01   1.6454521e+01   1.6959416e+01   1.8123803e+01   1.9787339e+01
   1.3579721e+01   1.4107026e+01   1.4936855e+01   1.6513295e+01   1.7012068e+01   1.8193503e+01   1.9919381e+01
   1.3553745e+01   1.4153318e+01   1.4985892e+01   1.6568957e+01   1.7059926e+01   1.8256739e+01   1.9907489e+01
   1.3654237e+01   1.4197488e+01   1.5024359e+01   1.6610857e+01   1.7097774e+01   1.8312645e+01   1.9953236e+01
   1.3688469e+01   1.4231687e+01   1.5068950e+01   1.6648195e+01   1.7145054e+01   1.8364943e+01   2.0035238e+01
   1.3718696e+01   1.4258307e+01   1.5107452e+01   1.6692455e+01   1.7178401e+01   1.8419262e+01   2.0082797e+01
   1.3748739e+01   1.4272276e+01   1.5098382e+01   1.6716720e+01   1.7216862e+01   1.8465113e+01   2.0121727e+01
   1.3763837e+01   1.4311768e+01   1.5160171e+01   1.6738190e+01   1.7245586e+01   1.8489491e+01   2.0119653e+01
   1.3788241e+01   1.4333930e+01   1.5183623e+01   1.6774288e+01   1.7280915e+01   1.8526261e+01   2.0170290e+01
   1.3814117e+01   1.4359842e+01   1.5204548e+01   1.6808227e+01   1.7297203e+01   1.8571076e+01   2.0218499e+01
   1.3830525e+01   1.4377335e+01   1.5226020e+01   1.6810110e+01   1.7312698e+01   1.8596969e+01   2.0265271e+01
   1.3849528e+01   1.4392884e+01   1.5257255e+01   1.6829133e+01   1.7355175e+01   1.8650084e+01   2.0283629e+01
   1.3865626e+01   1.4407008e+01   1.5275775e+01   1.6852569e+01   1.7359995e+01   1.8664493e+01   2.0336362e+01
   1.3874107e+01   1.4428589e+01   1.5271116e+01   1.6885792e+01   1.7385437e+01   1.8690721e+01   2.0360231e+01
   1.3893208e+01   1.4420644e+01   1.5298190e+01   1.6897547e+01   1.7402787e+01   1.8746540e+01   2.0415529e+01
   1.3920781e+01   1.4465459e+01   1.5326168e+01   1.6903426e+01   1.7439482e+01   1.8753010e+01   2.0469557e+01
   1.3923030e+01   1.4495154e+01   1.5352346e+01   1.6953346e+01   1.7473539e+01   1.8828871e+01   2.0499634e+01
   1.3965522e+01   1.4509820e+01   1.5367048e+01   1.6955803e+01   1.7505389e+01   1.8858181e+01   2.0537503e+01
   1.3997260e+01   1.4539556e+01   1.5385810e+01   1.6985271e+01   1.7531415e+01   1.8884745e+01   2.0587405e+01
   1.3980546e+01   1.4612743e+01   1.5456890e+01   1.7036531e+01   1.7836275e+01   1.8859639e+01   2.0752908e+01
   1.3994278e+01   1.4560202e+01   1.5409233e+01   1.6979609e+01   1.7480248e+01   1.8885743e+01   2.0743603e+01
   1.4007231e+01   1.4572661e+01   1.5437875e+01   1.7051972e+01   1.7537082e+01   1.8786384e+01   2.0483775e+01
   1.4052864e+01   1.4776749e+01   1.5552488e+01   1.7223299e+01   1.7602963e+01   1.8815073e+01   2.0613689e+01
   1.3999573e+01   1.4811266e+01   1.5218171e+01   1.7145215e+01   1.7630366e+01   1.9001353e+01   2.0548732e+01
   1.4325717e+01   1.4867116e+01   1.5331884e+01   1.7124805e+01   1.7657768e+01   1.9187634e+01   2.0638272e+01
   1.4201267e+01   1.4780269e+01   1.5523271e+01   1.7053773e+01   1.7594033e+01   1.9037190e+01   2.0610277e+01
   1.4113331e+01   1.4574500e+01   1.5433037e+01   1.6951414e+01   1.7510080e+01   1.8739689e+01   2.0198524e+01
   1.4215621e+01   1.4795171e+01   1.5572302e+01   1.7166459e+01   1.7605099e+01   1.9108225e+01   2.0649983e+01
   1.4198276e+01   1.4747860e+01   1.5585227e+01   1.7151577e+01   1.7634146e+01   1.8590480e+01   2.0180853e+01
   1.4229976e+01   1.4810074e+01   1.5621333e+01   1.7279144e+01   1.7616166e+01   1.9179260e+01   2.0689688e+01
   1.4199623e+01   1.4836698e+01   1.5613945e+01   1.7197027e+01   1.7874908e+01   1.9465785e+01   2.0673931e+01
   1.4192331e+01   1.4656573e+01   1.5587781e+01   1.7120200e+01   1.7703054e+01   1.9017651e+01   2.0831503e+01
   1.4693814e+01   1.5071868e+01   1.6045936e+01   1.7542913e+01   1.8390107e+01   1.9594126e+01   2.1366971e+01
   1.5391144e+01   2.0234628e+01   1.6661118e+01   2.4560619e+01   1.8511092e+01   1.9945932e+01   2.2122742e+01
