   1.0000000e+00
   1.2590159e+00
   1.5851210e+00
   1.9956926e+00
   2.5126086e+00
   3.1634142e+00
   3.9827888e+00
   5.0143943e+00
   6.3132022e+00
   7.9484218e+00
   1.0007189e+01
   1.2599210e+01
   1.5862606e+01
   1.9971273e+01
   2.5144151e+01
   3.1656885e+01
   3.9856521e+01
   5.0179994e+01
   6.3177410e+01
   7.9541363e+01
   1.0014384e+02
   1.2608269e+02
   1.5874011e+02
   1.9985632e+02
   2.5162228e+02
   3.1679645e+02
   3.9885176e+02
   5.0216070e+02
   6.3222831e+02
   7.9598548e+02
   1.0021584e+03
   1.2617333e+03
   1.5885423e+03
   2.0000000e+03
   1.0000000e+06
