   5.3659347e+00   5.7853109e+00   6.8612191e+00   8.2155879e+00   8.2991404e+00   9.2457779e+00   1.0772785e+01
   5.6491377e+00   5.8802627e+00   6.9576457e+00   8.0693668e+00   8.5760951e+00   9.6036708e+00   1.0622854e+01
   5.6828033e+00   6.0129573e+00   7.2077455e+00   8.2277114e+00   8.4506145e+00   9.6354473e+00   1.0812153e+01
   5.5495778e+00   5.9148513e+00   7.2196814e+00   8.2287999e+00   8.5961875e+00   9.3652251e+00   1.0699104e+01
   5.5774662e+00   5.8443708e+00   7.2785264e+00   8.1871076e+00   8.7003288e+00   9.5988245e+00   1.0671068e+01
   5.8313894e+00   6.1305034e+00   7.1845965e+00   8.2118169e+00   8.6782806e+00   9.7866067e+00   1.0945805e+01
   5.6110022e+00   6.0401812e+00   7.1695835e+00   8.4247503e+00   8.6938449e+00   9.5555537e+00   1.0953649e+01
   5.6388731e+00   5.9727531e+00   7.2884219e+00   8.0990420e+00   8.6467964e+00   9.7730325e+00   1.0781963e+01
   5.5389126e+00   5.9204318e+00   7.3774928e+00   8.1973823e+00   8.5920977e+00   9.7367335e+00   1.0926670e+01
   5.6197730e+00   5.9351389e+00   7.3194203e+00   8.2770401e+00   8.6810825e+00   9.8309232e+00   1.0896134e+01
   5.6250302e+00   6.0676087e+00   7.2723719e+00   8.3364903e+00   8.5321494e+00   9.8604256e+00   1.0800341e+01
   5.8661124e+00   6.0436743e+00   7.1978365e+00   8.4841003e+00   8.7960388e+00   9.5882266e+00   1.0791232e+01
   5.6180401e+00   6.1803481e+00   7.3703470e+00   8.3372339e+00   8.9477614e+00   9.6755709e+00   1.1027665e+01
   5.6554953e+00   5.9268335e+00   7.2582493e+00   8.3373167e+00   8.6230232e+00   9.8765778e+00   1.0953306e+01
   5.7132725e+00   6.2496238e+00   7.3571628e+00   8.4754511e+00   8.6209779e+00   9.8543739e+00   1.1011556e+01
   5.8426334e+00   6.2094572e+00   7.4930940e+00   8.3804668e+00   8.9706902e+00   1.0053123e+01   1.1027326e+01
   5.6296799e+00   5.9900422e+00   7.4796748e+00   8.5568962e+00   8.7386605e+00   1.0007136e+01   1.0997440e+01
   5.9315528e+00   6.2863256e+00   7.5069171e+00   8.4049009e+00   8.6534474e+00   9.9080533e+00   1.1123273e+01
   5.6174509e+00   6.0261221e+00   7.5423994e+00   8.4309614e+00   8.9726353e+00   9.8396410e+00   1.1252729e+01
   5.7712847e+00   6.1980159e+00   7.5123391e+00   8.4266311e+00   8.7231573e+00   9.8356848e+00   1.1039386e+01
   5.6142671e+00   6.1653833e+00   7.2753669e+00   8.3711303e+00   9.1375620e+00   1.0081274e+01   1.1205396e+01
   5.9069813e+00   6.0223191e+00   7.1679448e+00   8.2326361e+00   8.6751241e+00   9.8931663e+00   1.1233445e+01
   5.8660595e+00   5.9848073e+00   7.2354267e+00   8.2683852e+00   8.7620737e+00   9.8964100e+00   1.0968246e+01
   5.6484123e+00   6.2795694e+00   7.2399461e+00   8.5329258e+00   8.7668881e+00   9.3839535e+00   1.1077487e+01
   5.7895736e+00   6.0766127e+00   7.0747896e+00   8.1620451e+00   8.7511045e+00   9.9479792e+00   1.0978508e+01
   5.9724922e+00   6.2375719e+00   7.3978934e+00   8.4865424e+00   8.7716165e+00   9.9149957e+00   1.1155354e+01
   5.8871454e+00   5.8697071e+00   7.2256461e+00   8.3799727e+00   8.6959104e+00   9.9979312e+00   1.1274459e+01
   5.8260975e+00   6.2384375e+00   7.4291239e+00   8.6454763e+00   8.7871507e+00   9.8761440e+00   1.0864658e+01
   5.9800076e+00   6.0106926e+00   7.5389659e+00   8.6102835e+00   8.6701705e+00   9.9803017e+00   1.1515620e+01
   5.8522114e+00   6.3218593e+00   7.3721138e+00   8.3707832e+00   9.0572803e+00   9.8829932e+00   1.1233852e+01
   5.7111394e+00   6.1180941e+00   7.2280548e+00   8.3549489e+00   8.7027126e+00   9.7661067e+00   1.1148075e+01
   5.8875140e+00   6.1942129e+00   6.8945234e+00   7.9380917e+00   8.2580799e+00   9.2811841e+00   1.0032258e+01
   5.8816590e+00   6.4921252e+00   6.8717759e+00   7.9408923e+00   8.4511244e+00   9.4142738e+00   1.0591669e+01
   6.2785250e+00   6.6003742e+00   6.8691296e+00   8.2056342e+00   8.2368816e+00   9.2227211e+00   1.0578912e+01
   6.2022636e+00   1.0694878e+01   8.1649545e+00   1.5039567e+01   9.8671330e+00   1.0599811e+01   1.2098349e+01
