   5.8483031e+00   6.1837078e+00   7.3336998e+00   8.3729253e+00   8.7935032e+00   9.7331939e+00   1.0889940e+01
   5.8744497e+00   6.2077753e+00   7.3842344e+00   8.4156413e+00   8.8269429e+00   9.7695089e+00   1.0985706e+01
   5.8892942e+00   6.2319453e+00   7.4129164e+00   8.4494351e+00   8.8581763e+00   9.8011619e+00   1.1056855e+01
   5.8747088e+00   6.2539193e+00   7.4409954e+00   8.4776383e+00   8.8852139e+00   9.8452821e+00   1.1061902e+01
   5.9255306e+00   6.2716348e+00   7.4677293e+00   8.5069524e+00   8.9103320e+00   9.8804700e+00   1.1084479e+01
   5.9395264e+00   6.2880029e+00   7.4838352e+00   8.5223697e+00   8.9353143e+00   9.9093387e+00   1.1131324e+01
   5.9514048e+00   6.3065007e+00   7.4993848e+00   8.5448678e+00   8.9584983e+00   9.9269644e+00   1.1164413e+01
   5.9627983e+00   6.3233216e+00   7.5439270e+00   8.5656430e+00   8.9734224e+00   9.9504458e+00   1.1170427e+01
   5.9761895e+00   6.3317540e+00   7.5351840e+00   8.5854507e+00   8.9944285e+00   9.9961740e+00   1.1193698e+01
   5.9893592e+00   6.3475412e+00   7.5511015e+00   8.5982372e+00   9.0094983e+00   1.0015075e+01   1.1227732e+01
   5.9994054e+00   6.3587157e+00   7.5629351e+00   8.6014618e+00   9.0280785e+00   1.0040752e+01   1.1263514e+01
   6.0083121e+00   6.3703052e+00   7.5783103e+00   8.6330467e+00   9.0525102e+00   1.0068401e+01   1.1281621e+01
   6.0192305e+00   6.3838265e+00   7.5887594e+00   8.6495937e+00   9.0645713e+00   1.0062291e+01   1.1331207e+01
   6.0312236e+00   6.3986536e+00   7.6056049e+00   8.6623493e+00   9.0848445e+00   1.0115195e+01   1.1342000e+01
   6.0497250e+00   6.4106904e+00   7.6300888e+00   8.6769771e+00   9.1067416e+00   1.0158512e+01   1.1375654e+01
   6.0594290e+00   6.4375051e+00   7.6379497e+00   8.6933026e+00   9.1161962e+00   1.0163982e+01   1.1412386e+01
   6.0722248e+00   6.4353816e+00   7.6424951e+00   8.7125653e+00   9.1398839e+00   1.0207740e+01   1.1429079e+01
   6.0830240e+00   6.4429647e+00   7.6473977e+00   8.7182961e+00   9.1498813e+00   1.0180917e+01   1.1463568e+01
   6.0841885e+00   6.4461885e+00   7.6667981e+00   8.7317196e+00   9.1466672e+00   1.0220055e+01   1.1473670e+01
   6.0865895e+00   6.4550799e+00   7.6861650e+00   8.7316589e+00   9.1669576e+00   1.0233241e+01   1.1457916e+01
   6.1021115e+00   6.4481653e+00   7.7748238e+00   8.7793428e+00   9.2856154e+00   1.0226648e+01   1.1438865e+01
   6.1057011e+00   6.4573892e+00   7.6667086e+00   8.6984152e+00   9.1369734e+00   1.0214446e+01   1.1556219e+01
   6.0860424e+00   6.4825461e+00   7.7004392e+00   8.7414319e+00   9.1210497e+00   1.0070015e+01   1.1294928e+01
   6.0626074e+00   6.4709753e+00   7.6356552e+00   8.6775694e+00   9.0295199e+00   9.8446186e+00   1.1507391e+01
   6.0176118e+00   6.2706977e+00   7.5656701e+00   8.5687780e+00   9.0170319e+00   1.0104142e+01   1.1401227e+01
   6.2495752e+00   6.5691441e+00   7.7282595e+00   8.6419041e+00   9.0045438e+00   1.0403944e+01   1.1408786e+01
   6.0468739e+00   6.3469818e+00   7.5892201e+00   8.5952787e+00   8.9366995e+00   1.0138269e+01   1.1666854e+01
   6.1026713e+00   6.5041387e+00   7.7125823e+00   8.7963511e+00   9.1138031e+00   1.0016170e+01   1.1140787e+01
   6.1192982e+00   6.4410305e+00   7.6684983e+00   8.7350826e+00   9.1142670e+00   1.0270659e+01   1.1637706e+01
   6.1844043e+00   6.5304150e+00   7.7527140e+00   8.8149075e+00   9.2565085e+00   1.0334913e+01   1.1448064e+01
   6.0678880e+00   6.4043777e+00   7.5928209e+00   8.6973889e+00   9.1059979e+00   1.0194989e+01   1.1376387e+01
   6.1919190e+00   6.5929872e+00   7.0507313e+00   8.0458666e+00   8.4978962e+00   9.4987411e+00   1.0148506e+01
   6.2792742e+00   6.6253025e+00   7.2355845e+00   8.1829746e+00   8.6081748e+00   9.5817299e+00   1.0781535e+01
   6.4068573e+00   6.7970964e+00   7.3138815e+00   8.3470703e+00   8.7031334e+00   9.7087876e+00   1.0835822e+01
   6.5155609e+00   1.0840065e+01   8.4618349e+00   1.5346675e+01   9.9782974e+00   1.0796676e+01   1.2219148e+01
