   7.5785889e+00   8.0283490e+00   8.2338454e+00   9.0159634e+00   9.1186511e+00   9.4349444e+00   1.0212285e+01
   7.8997901e+00   7.9394124e+00   8.2597654e+00   8.9942875e+00   9.3355254e+00   9.7157878e+00   1.0365384e+01
   7.7932847e+00   7.9259696e+00   8.5042370e+00   9.0126496e+00   9.0796631e+00   9.7221724e+00   1.0309208e+01
   7.6873857e+00   8.0314424e+00   8.1367854e+00   8.9697753e+00   9.3200913e+00   9.5491911e+00   1.0283899e+01
   7.6647769e+00   8.1638673e+00   8.2407517e+00   8.9019901e+00   9.2441193e+00   9.7107709e+00   1.0231055e+01
   7.6807820e+00   8.0967409e+00   8.3399786e+00   9.0043731e+00   9.3513036e+00   9.6626933e+00   1.0345564e+01
   7.8326928e+00   8.0403569e+00   8.4233211e+00   8.8372389e+00   9.3696381e+00   9.5438848e+00   1.0207118e+01
   7.8083233e+00   7.9411574e+00   8.5303290e+00   9.1153906e+00   9.0523751e+00   9.5353501e+00   1.0428837e+01
   7.9508814e+00   8.1468924e+00   8.3918051e+00   9.2797791e+00   9.1692534e+00   9.7473873e+00   1.0358707e+01
   7.6596697e+00   8.0098706e+00   8.3872484e+00   8.9109178e+00   9.3538500e+00   9.6692742e+00   1.0670004e+01
   8.0225631e+00   8.1063553e+00   8.5358484e+00   8.9052206e+00   9.2845954e+00   9.7177161e+00   1.0501182e+01
   7.9544291e+00   8.2571966e+00   8.4191351e+00   9.2782661e+00   9.5040804e+00   9.7023488e+00   1.0656016e+01
   7.7179871e+00   8.2415341e+00   8.6130386e+00   8.9973455e+00   9.4266990e+00   9.6854506e+00   1.0456875e+01
   8.0482490e+00   8.2696309e+00   8.4415986e+00   8.9012199e+00   9.3418844e+00   9.7816274e+00   1.0510862e+01
   7.7486766e+00   8.2971230e+00   8.4432186e+00   9.2806961e+00   9.2302307e+00   9.9197859e+00   1.0680530e+01
   7.9408088e+00   8.2238184e+00   8.4537136e+00   8.9792808e+00   9.2190923e+00   9.7311414e+00   1.0779101e+01
   7.9249523e+00   7.8893130e+00   8.3549523e+00   9.3092599e+00   9.5188521e+00   9.9306767e+00   1.0597808e+01
   7.7499919e+00   7.9071160e+00   8.3059401e+00   8.9870337e+00   9.3397912e+00   9.8859749e+00   1.0787826e+01
   7.7087721e+00   7.9537416e+00   8.3001520e+00   9.0998188e+00   9.5276436e+00   9.8885704e+00   1.0724649e+01
   8.0746438e+00   8.0481808e+00   8.6747861e+00   9.2276172e+00   9.2149858e+00   9.7853854e+00   1.0682539e+01
   8.0571501e+00   7.9358324e+00   8.3954303e+00   9.2410924e+00   9.5524088e+00   9.7869986e+00   1.0794429e+01
   7.9054923e+00   8.1349018e+00   8.6863341e+00   9.2688550e+00   9.1599004e+00   9.9900897e+00   1.0956794e+01
   7.7462570e+00   8.0946208e+00   8.6250240e+00   9.2927186e+00   9.5941865e+00   9.8738559e+00   1.0839160e+01
   8.1616490e+00   8.3316379e+00   8.8010451e+00   9.3326985e+00   9.6688542e+00   9.8556745e+00   1.0626663e+01
   7.8419853e+00   8.4118618e+00   8.7087692e+00   8.9219134e+00   9.1658384e+00   1.0218534e+01   1.0518601e+01
   8.3155400e+00   8.2392003e+00   8.5185720e+00   9.4233284e+00   9.3629913e+00   1.0169466e+01   1.0597849e+01
   8.1560248e+00   8.3032605e+00   8.5845820e+00   9.1649166e+00   9.4105067e+00   1.0139609e+01   1.1019335e+01
   7.9152694e+00   8.3194099e+00   8.7380211e+00   9.2101804e+00   9.4921838e+00   1.0111275e+01   1.0299881e+01
   8.2902762e+00   8.2693378e+00   8.6992076e+00   9.4277955e+00   9.6320286e+00   1.0187310e+01   1.0600142e+01
   8.1620632e+00   8.1023674e+00   8.7877243e+00   9.0794649e+00   9.2239244e+00   9.7670138e+00   1.0391595e+01
   8.2387714e+00   8.3096323e+00   8.6277774e+00   9.4652819e+00   9.5263616e+00   1.0269460e+01   1.0694622e+01
   7.8491535e+00   8.4586551e+00   8.4091225e+00   9.0729671e+00   9.7651206e+00   1.0116525e+01   1.0149636e+01
   7.9720277e+00   8.2270820e+00   8.7121123e+00   9.4652643e+00   9.4730088e+00   9.9624002e+00   1.0917491e+01
   7.6157016e+00   7.6726926e+00   7.8633083e+00   8.6734027e+00   8.9658068e+00   9.5128986e+00   1.0161470e+01
   8.2919327e+00   1.0607358e+01   9.1525733e+00   1.1889321e+01   9.9887452e+00   1.0651060e+01   1.1131021e+01
