   7.9817608e+00   8.1637021e+00   8.5161707e+00   9.1747171e+00   9.3580023e+00   9.8225323e+00   1.0483375e+01
   7.9994771e+00   8.1985559e+00   8.5316374e+00   9.2059504e+00   9.3960989e+00   9.8469975e+00   1.0543980e+01
   8.0153942e+00   8.2194961e+00   8.5618692e+00   9.2328847e+00   9.4200002e+00   9.8817820e+00   1.0606587e+01
   8.0042753e+00   8.2413856e+00   8.5842115e+00   9.2597296e+00   9.4421812e+00   9.9087136e+00   1.0597832e+01
   8.0500144e+00   8.2637700e+00   8.5998287e+00   9.2771123e+00   9.4584899e+00   9.9336767e+00   1.0620084e+01
   8.0672346e+00   8.2798822e+00   8.6238253e+00   9.2963409e+00   9.4809744e+00   9.9582407e+00   1.0658242e+01
   8.0826882e+00   8.2897404e+00   8.6439140e+00   9.3176590e+00   9.4950048e+00   9.9874539e+00   1.0678768e+01
   8.0982830e+00   8.2916905e+00   8.6203936e+00   9.3264209e+00   9.5150709e+00   1.0009538e+01   1.0701293e+01
   8.1022946e+00   8.3151063e+00   8.6657099e+00   9.3336903e+00   9.5268140e+00   1.0011372e+01   1.0693690e+01
   8.1129674e+00   8.3231457e+00   8.6754101e+00   9.3529669e+00   9.5447945e+00   1.0029054e+01   1.0715874e+01
   8.1262630e+00   8.3358970e+00   8.6850652e+00   9.3742049e+00   9.5492505e+00   1.0049825e+01   1.0736232e+01
   8.1334830e+00   8.3426592e+00   8.6935754e+00   9.3644603e+00   9.5512969e+00   1.0058042e+01   1.0760179e+01
   8.1414939e+00   8.3472069e+00   8.7106663e+00   9.3712219e+00   9.5748785e+00   1.0093544e+01   1.0758246e+01
   8.1469680e+00   8.3501715e+00   8.7166682e+00   9.3822081e+00   9.5713559e+00   1.0086959e+01   1.0787954e+01
   8.1437513e+00   8.3595716e+00   8.7040716e+00   9.3989820e+00   9.5806968e+00   1.0090844e+01   1.0793692e+01
   8.1525058e+00   8.3418726e+00   8.7193698e+00   9.4010560e+00   9.5888429e+00   1.0124487e+01   1.0818059e+01
   8.1655821e+00   8.3737020e+00   8.7366914e+00   9.3983200e+00   9.6048984e+00   1.0115830e+01   1.0847032e+01
   8.1619458e+00   8.3907252e+00   8.7524415e+00   9.4291142e+00   9.6237309e+00   1.0171595e+01   1.0856379e+01
   8.1912282e+00   8.3993806e+00   8.7548295e+00   9.4261668e+00   9.6454494e+00   1.0178588e+01   1.0877090e+01
   8.2124754e+00   8.4158535e+00   8.7600102e+00   9.4455779e+00   9.6557340e+00   1.0191528e+01   1.0912195e+01
   8.1979957e+00   8.4105730e+00   8.7755048e+00   9.4627606e+00   9.6505917e+00   1.0185058e+01   1.0843479e+01
   8.2010111e+00   8.4290637e+00   8.7836160e+00   9.4533982e+00   9.6324674e+00   1.0197700e+01   1.1070769e+01
   8.2056911e+00   8.4261416e+00   8.7897432e+00   9.4861064e+00   9.6745661e+00   1.0237801e+01   1.0892336e+01
   8.3830629e+00   8.5730287e+00   8.8932793e+00   9.6226824e+00   9.7488833e+00   1.0088819e+01   1.0820807e+01
   8.2486154e+00   8.4800858e+00   8.7716683e+00   9.3440219e+00   9.4149907e+00   1.0278381e+01   1.0832793e+01
   8.4726652e+00   8.5898755e+00   8.9407118e+00   9.5699601e+00   9.7939015e+00   1.0332954e+01   1.0868391e+01
   8.4005938e+00   8.6361223e+00   8.8923270e+00   9.5411126e+00   9.8154993e+00   1.0318960e+01   1.1093984e+01
   8.2863905e+00   8.4176438e+00   8.7817678e+00   9.4024737e+00   9.6594354e+00   1.0164554e+01   1.0778197e+01
   8.3626007e+00   8.6011225e+00   8.8940503e+00   9.5269772e+00   9.7429167e+00   1.0323410e+01   1.1014630e+01
   8.3058756e+00   8.5252133e+00   8.8693399e+00   9.5264982e+00   9.6932491e+00   9.9785367e+00   1.0664390e+01
   8.3246076e+00   8.5661228e+00   8.8957737e+00   9.5128418e+00   9.6703341e+00   1.0327859e+01   1.0935275e+01
   8.3031943e+00   8.5581597e+00   8.8877806e+00   9.5438102e+00   9.8194201e+00   1.0574687e+01   1.0607775e+01
   8.3744401e+00   8.5391408e+00   8.9168162e+00   9.5743323e+00   9.8037171e+00   1.0326480e+01   1.1106377e+01
   7.7690189e+00   7.8446317e+00   8.2443154e+00   8.7823317e+00   9.1635972e+00   9.5538926e+00   1.0246134e+01
   8.4634110e+00   1.0809801e+01   9.4002280e+00   1.2351885e+01   1.0319393e+01   1.0788567e+01   1.1566687e+01
